0 10.0
1 9.0
2 8.0
3 8.0
4 7.0
5 7.0
6 7.0
7 7.0
8 6.0
9 6.0
10 6.0
11 6.0
12 6.0
13 6.0
14 6.0
15 6.0
16 5.0
17 5.0
18 5.0
19 5.0
20 5.0
21 5.0
22 5.0
23 5.0
24 5.0
25 5.0
26 5.0
27 5.0
28 5.0
29 5.0
30 5.0
31 5.0
32 4.0
33 4.0
34 4.0
35 4.0
36 4.0
37 4.0
38 4.0
39 4.0
40 4.0
41 4.0
42 4.0
43 4.0
44 4.0
45 4.0
46 4.0
47 4.0
48 4.0
49 4.0
50 4.0
51 4.0
52 4.0
53 4.0
54 4.0
55 4.0
56 4.0
57 4.0
58 4.0
59 4.0
60 4.0
61 4.0
62 4.0
63 4.0
64 3.0
65 3.0
66 3.0
67 3.0
68 3.0
69 3.0
70 3.0
71 3.0
72 3.0
73 3.0
74 3.0
75 3.0
76 3.0
77 3.0
78 3.0
79 3.0
80 3.0
81 3.0
82 3.0
83 3.0
84 3.0
85 3.0
86 3.0
87 3.0
88 3.0
89 3.0
90 3.0
91 3.0
92 3.0
93 3.0
94 3.0
95 3.0
96 3.0
97 3.0
98 3.0
99 3.0
100 3.0
101 3.0
102 3.0
103 3.0
104 3.0
105 3.0
106 3.0
107 3.0
108 3.0
109 3.0
110 3.0
111 3.0
112 3.0
113 3.0
114 3.0
115 3.0
116 3.0
117 3.0
118 3.0
119 3.0
120 3.0
121 3.0
122 3.0
123 3.0
124 3.0
125 3.0
126 3.0
127 3.0
128 2.0
129 2.0
130 2.0
131 2.0
132 2.0
133 2.0
134 2.0
135 2.0
136 2.0
137 2.0
138 2.0
139 2.0
140 2.0
141 2.0
142 2.0
143 2.0
144 2.0
145 2.0
146 2.0
147 2.0
148 2.0
149 2.0
150 2.0
151 2.0
152 2.0
153 2.0
154 2.0
155 2.0
156 2.0
157 2.0
158 2.0
159 2.0
160 2.0
161 2.0
162 2.0
163 2.0
164 2.0
165 2.0
166 2.0
167 2.0
168 2.0
169 2.0
170 2.0
171 2.0
172 2.0
173 2.0
174 2.0
175 2.0
176 2.0
177 2.0
178 2.0
179 2.0
180 2.0
181 2.0
182 2.0
183 2.0
184 2.0
185 2.0
186 2.0
187 2.0
188 2.0
189 2.0
190 2.0
191 2.0
192 2.0
193 2.0
194 2.0
195 2.0
196 2.0
197 2.0
198 2.0
199 2.0
200 2.0
201 2.0
202 2.0
203 2.0
204 2.0
205 2.0
206 2.0
207 2.0
208 2.0
209 2.0
210 2.0
211 2.0
212 2.0
213 2.0
214 2.0
215 2.0
216 2.0
217 2.0
218 2.0
219 2.0
220 2.0
221 2.0
222 2.0
223 2.0
224 2.0
225 2.0
226 2.0
227 2.0
228 2.0
229 2.0
230 2.0
231 2.0
232 2.0
233 2.0
234 2.0
235 2.0
236 2.0
237 2.0
238 2.0
239 2.0
240 2.0
241 2.0
242 2.0
243 2.0
244 2.0
245 2.0
246 2.0
247 2.0
248 2.0
249 2.0
250 2.0
251 2.0
252 2.0
253 2.0
254 2.0
255 2.0
256 1.0
257 1.0
258 1.0
259 1.0
260 1.0
261 1.0
262 1.0
263 1.0
264 1.0
265 1.0
266 1.0
267 1.0
268 1.0
269 1.0
270 1.0
271 1.0
272 1.0
273 1.0
274 1.0
275 1.0
276 1.0
277 1.0
278 1.0
279 1.0
280 1.0
281 1.0
282 1.0
283 1.0
284 1.0
285 1.0
286 1.0
287 1.0
288 1.0
289 1.0
290 1.0
291 1.0
292 1.0
293 1.0
294 1.0
295 1.0
296 1.0
297 1.0
298 1.0
299 1.0
300 1.0
301 1.0
302 1.0
303 1.0
304 1.0
305 1.0
306 1.0
307 1.0
308 1.0
309 1.0
310 1.0
311 1.0
312 1.0
313 1.0
314 1.0
315 1.0
316 1.0
317 1.0
318 1.0
319 1.0
320 1.0
321 1.0
322 1.0
323 1.0
324 1.0
325 1.0
326 1.0
327 1.0
328 1.0
329 1.0
330 1.0
331 1.0
332 1.0
333 1.0
334 1.0
335 1.0
336 1.0
337 1.0
338 1.0
339 1.0
340 1.0
341 1.0
342 1.0
343 1.0
344 1.0
345 1.0
346 1.0
347 1.0
348 1.0
349 1.0
350 1.0
351 1.0
352 1.0
353 1.0
354 1.0
355 1.0
356 1.0
357 1.0
358 1.0
359 1.0
360 1.0
361 1.0
362 1.0
363 1.0
364 1.0
365 1.0
366 1.0
367 1.0
368 1.0
369 1.0
370 1.0
371 1.0
372 1.0
373 1.0
374 1.0
375 1.0
376 1.0
377 1.0
378 1.0
379 1.0
380 1.0
381 1.0
382 1.0
383 1.0
384 1.0
385 1.0
386 1.0
387 1.0
388 1.0
389 1.0
390 1.0
391 1.0
392 1.0
393 1.0
394 1.0
395 1.0
396 1.0
397 1.0
398 1.0
399 1.0
400 1.0
401 1.0
402 1.0
403 1.0
404 1.0
405 1.0
406 1.0
407 1.0
408 1.0
409 1.0
410 1.0
411 1.0
412 1.0
413 1.0
414 1.0
415 1.0
416 1.0
417 1.0
418 1.0
419 1.0
420 1.0
421 1.0
422 1.0
423 1.0
424 1.0
425 1.0
426 1.0
427 1.0
428 1.0
429 1.0
430 1.0
431 1.0
432 1.0
433 1.0
434 1.0
435 1.0
436 1.0
437 1.0
438 1.0
439 1.0
440 1.0
441 1.0
442 1.0
443 1.0
444 1.0
445 1.0
446 1.0
447 1.0
448 1.0
449 1.0
450 1.0
451 1.0
452 1.0
453 1.0
454 1.0
455 1.0
456 1.0
457 1.0
458 1.0
459 1.0
460 1.0
461 1.0
462 1.0
463 1.0
464 1.0
465 1.0
466 1.0
467 1.0
468 1.0
469 1.0
470 1.0
471 1.0
472 1.0
473 1.0
474 1.0
475 1.0
476 1.0
477 1.0
478 1.0
479 1.0
480 1.0
481 1.0
482 1.0
483 1.0
484 1.0
485 1.0
486 1.0
487 1.0
488 1.0
489 1.0
490 1.0
491 1.0
492 1.0
493 1.0
494 1.0
495 1.0
496 1.0
497 1.0
498 1.0
499 1.0
500 1.0
501 1.0
502 1.0
503 1.0
504 1.0
505 1.0
506 1.0
507 1.0
508 1.0
509 1.0
510 1.0
511 1.0
1.998046875
